[
	"fileversion","18.5.499",
	"hasindex",false,
	"pointcount",20,
	"vertexcount",64,
	"primitivecount",14,
	"info",{
		"date":"2021-06-13 14:40:33",
		"timetocook":0,
		"software":"Houdini 18.5.499",
		"artist":"Max",
		"hostname":"LAPTOP-2GIEJAPU",
		"time":0,
		"bounds":[-1.28391731,1,0,0.609000027,-1,1],
		"primcount_summary":"         14 Polygons\n",
		"attribute_summary":"     1 vertex attributes:\tN\n     1 point attributes:\tP\n"
	},
	"topology",[
		"pointref",[
			"indices",[0,1,2,3,4,5,6,7,8,9,10,11,12,13,14,15,0,7,9,8,7,6,10,9,6,5,11,10,4,3,13,12,3,2,14,13,2,1,15,14,1,0,8,15,16,17,18,19,5,4,17,16,4,12,18,17,12,11,19,18,11,5,16,19]
		]
	],
	"attributes",[
		"vertexattributes",[
			[
				[
					"scope","public",
					"type","numeric",
					"name","N",
					"options",{
						"type":{
							"type":"string",
							"value":"normal"
						}
					}
				],
				[
					"size",3,
					"storage","fpreal32",
					"defaults",[
						"size",1,
						"storage","fpreal64",
						"values",[0]
					],
					"values",[
						"size",3,
						"storage","fpreal32",
						"tuples",[[0,-0.99999994,0],[0,-0.99999994,0],[0,-0.99999994,0],[0,-0.99999994,0],[0,-0.99999994,0],[0,-0.99999994,0],[0,-0.99999994,0],[0,-0.99999994,0],[0,0.99999994,0],[0,0.99999994,0],[0,0.99999994,0],[0,
								0.99999994,0],[0,0.99999994,0],[0,0.99999994,0],[0,0.99999994,0],[0,0.99999994,0],[0.923879564,0,0.382683307],[0.923879564,0,0.382683307],[0.923879564,0,0.382683307],[0.923879564,0,0.382683307],
							[0.382683605,0,0.923879445],[0.382683605,0,0.923879445],[0.382683605,0,0.923879445],[0.382683605,0,0.923879445],[-0.382683337,0,0.923879564],[-0.382683337,0,0.923879564],[-0.382683337,0,0.923879564],[-0.382683337,
								0,0.923879564],[-0.923879564,0,-0.382683426],[-0.923879564,0,-0.382683426],[-0.923879564,0,-0.382683426],[-0.923879564,0,-0.382683426],[-0.382683456,0,-0.923879504],[-0.382683456,0,-0.923879504],
							[-0.382683456,0,-0.923879504],[-0.382683456,0,-0.923879504],[0.382683426,0,-0.923879564],[0.382683426,0,-0.923879564],[0.382683426,0,-0.923879564],[0.382683426,0,-0.923879564],[0.923879564,0,-0.382683456],
							[0.923879564,0,-0.382683456],[0.923879564,0,-0.382683456],[0.923879564,0,-0.382683456],[-0.923879504,0,0.382683396],[-0.923879504,0,0.382683396],[-0.923879504,0,0.382683396],[-0.923879504,0,0.382683396],
							[0,-1,0],[0,-1,0],[0,-1,0],[0,-1,0],[-0.714631081,0,-0.699501395],[-0.714631081,0,-0.699501395],[-0.714631081,0,-0.699501395],[-0.714631081,0,-0.699501395],[0,1,0],[0,1,0],[0,1,0],[0,1,0],[-0.0106977997,
								0,0.99994272],[-0.0106977997,0,0.99994272],[-0.0106977997,0,0.99994272],[-0.0106977997,0,0.99994272]
						]
					]
				]
			]
		],
		"pointattributes",[
			[
				[
					"scope","public",
					"type","numeric",
					"name","P",
					"options",{
						"type":{
							"type":"string",
							"value":"point"
						}
					}
				],
				[
					"size",3,
					"storage","fpreal32",
					"defaults",[
						"size",1,
						"storage","fpreal64",
						"values",[0]
					],
					"values",[
						"size",3,
						"storage","fpreal32",
						"tuples",[[1,0,0],[0.707106769,0,-0.707106769],[-4.37113883e-08,0,-1],[-0.707106769,0,-0.707106769],[-1,0,8.74227766e-08],[-0.70710665,0,0.707106888],[1.19248806e-08,0,1],[0.707107008,0,0.707106531],[1,0.609000027,
								0],[0.707107008,0.609000027,0.707106531],[1.19248806e-08,0.609000027,1],[-0.70710665,0.609000027,0.707106888],[-1,0.609000027,8.74227766e-08],[-0.707106769,0.609000027,-0.707106769],[-4.37113883e-08,
								0.609000027,-1],[0.707106769,0.609000027,-0.707106769],[-1.11296868,0,0.702764809],[-1.28391731,0,0.290058315],[-1.28391731,0.609000027,0.290058315],[-1.11296868,0.609000027,0.702764809]
						]
					]
				]
			]
		]
	],
	"primitives",[
		[
			[
				"type","Polygon_run"
			],
			[
				"startvertex",0,
				"nprimitives",14,
				"nvertices_rle",[8,2,4,12]
			]
		]
	]
]
